0,471
0,470
0,469
40,5
0,468
0,467
0,466
0,465
40,4
0,464
0,463
40,3
40,2
0,462
40,1
40,0
0,461
0,460
39,4
0,459
0,458
0,457
39,3
39,2
0,456
39,1
39,0
0,455
0,454
38,3
38,2
38,1
38,0
37,3
37,2
37,1
37,0
0,453
36,4
36,3
36,2
36,1
36,0
0,452
0,451
0,450
0,449
0,448
0,447
0,446
23,35
0,445
0,444
35,3
35,2
35,1
35,0
0,443
0,442
34,5
0,441
34,4
0,440
0,439
34,3
34,2
0,438
34,1
34,0
0,437
0,436
0,435
0,434
33,4
0,433
0,432
0,431
33,3
33,2
0,430
33,1
33,0
0,429
0,428
0,427
0,426
0,425
0,424
0,423
0,422
32,3
32,2
0,421
32,1
32,0
0,420
0,419
31,3
31,2
0,418
31,1
31,0
0,417
0,416
0,415
0,414
30,4
0,413
0,412
0,411
30,3
30,2
0,410
30,1
30,0
0,409
0,408
0,407
0,406
0,405
0,404
0,403
0,402
0,401
0,400
0,399
0,398
0,397
0,396
0,395
0,394
0,393
0,392
0,391
0,390
0,389
29,5
0,388
0,387
0,386
29,4
29,3
29,2
29,1
29,0
0,385
0,384
28,4
28,3
28,2
28,1
28,0
